179,1,4
339,4
340,4
341,4
342,4
343,4
333,4
334,4
335,4
336,4
337,4
332,4
331,4
332,4
296,4
297,4
298,4
299,4
300,4
301,4
302,4
303,4
304,4
305,4
306,4
307,4
308,4
309,4
310,4
311,4
198,4
199,4
200,4
201,4
202,4
196,4
197,4
198,4
192,4
193,4
194,4
195,4
184,4
185,4
186,4
187,4
188,4
189,4
190,4
191,4
192,4
76,4
77,4
45,4
46,4
47,4
48,4
49,4
50,4
51,4
52,4
359,3
360,3
361,3
362,3
363,3
364,3
365,3
366,3
1,4
2,4
3,4
4,4
5,4
358,3
355,3
356,3
357,3
358,3
331,3
332,3
331,3
326,3
327,3
328,3
329,3
330,3
297,3
298,3
299,3
300,3
301,3
302,3
303,3
304,3
305,3
306,3
307,3
308,3
309,3
310,3
311,3
264,3
265,3
266,3
267,3
268,3
198,3
199,3
200,3
201,3
202,3
203,3
204,3
197,3
194,3
195,3
196,3
189,3
190,3
191,3
192,3
164,3
165,3
166,3
45,3
46,3
47,3
360,2
361,2
362,2
363,2
364,2
365,2
1,3
2,3
359,2
360,2
353,2
354,2
355,2
356,2
357,2
358,2
359,2
342,2
343,2
344,2
345,2
346,2
327,2
328,2
329,2
330,2
331,2
332,2
300,2
301,2
302,2
303,2
304,2
305,2
188,2
189,2
190,2
191,2
192,2
187,2
188,2
181,2
182,2
183,2
184,2
185,2
186,2
187,2
91,2
92,2
93,2
94,2
95,2
96,2
97,2
98,2
99,2
100,2
101,2
102,2
103,2
104,2
105,2
106,2
107,2
108,2
109,2
110,2
2,2
3,2
362,1
363,1
364,1
365,1
1,2
2,2
361,1
362,1
357,1
358,1
359,1
360,1
361,1
348,1
349,1
350,1
280,1
281,1
282,1
283,1
284,1
