26,1,3
336,3
336,3
331,3
332,3
333,3
334,3
335,3
304,3
305,3
306,3
307,3
308,3
201,3
202,3
199,3
200,3
201,3
192,3
193,3
194,3
195,3
196,3
197,3
198,3
174,3
175,3
173,3
174,3
171,3
172,3
173,3
133,3
134,3
17,3
18,3
19,3
20,3
21,3
4,3
2,3
3,3
4,3
355,2
356,2
357,2
358,2
359,2
360,2
361,2
362,2
363,2
364,2
365,2
366,2
1,3
338,2
339,2
340,2
341,2
342,2
343,2
344,2
345,2
329,2
330,2
331,2
328,2
326,2
327,2
303,2
304,2
305,2
306,2
262,2
263,2
264,2
222,2
223,2
204,2
202,2
203,2
197,2
198,2
199,2
200,2
201,2
197,2
194,2
195,2
196,2
161,2
162,2
163,2
160,2
161,2
159,2
160,2
47,2
48,2
365,1
1,2
2,2
353,1
354,1
355,1
356,1
357,1
358,1
359,1
360,1
361,1
362,1
363,1
364,1
365,1
350,1
351,1
327,1
328,1
329,1
330,1
331,1
332,1
321,1
322,1
323,1
324,1
325,1
261,1
262,1
257,1
258,1
259,1
260,1
261,1
191,1
192,1
184,1
185,1
186,1
187,1
188,1
189,1
190,1
191,1
183,1
184,1
181,1
182,1
183,1
102,1
103,1
104,1
