110,1,3
331,3
332,3
333,3
334,3
335,3
336,3
337,3
312,3
313,3
314,3
197,3
198,3
199,3
200,3
201,3
202,3
203,3
195,3
196,3
197,3
192,3
193,3
194,3
108,3
109,3
110,3
111,3
112,3
21,3
22,3
5,3
6,3
7,3
365,2
366,2
1,3
2,3
3,3
4,3
5,3
364,2
360,2
361,2
362,2
363,2
358,2
359,2
360,2
355,2
356,2
357,2
358,2
338,2
339,2
340,2
341,2
342,2
343,2
344,2
345,2
329,2
330,2
331,2
332,2
327,2
328,2
329,2
326,2
327,2
205,2
204,2
196,2
197,2
198,2
199,2
200,2
201,2
202,2
203,2
204,2
194,2
195,2
129,2
130,2
131,2
132,2
133,2
134,2
135,2
80,2
81,2
82,2
1,2
2,2
354,1
355,1
356,1
357,1
358,1
359,1
360,1
361,1
362,1
363,1
364,1
365,1
1,2
328,1
329,1
330,1
331,1
332,1
327,1
277,1
278,1
279,1
190,1
191,1
192,1
181,1
182,1
183,1
184,1
185,1
186,1
187,1
188,1
189,1
190,1
45,1
46,1
47,1
48,1
49,1
50,1
51,1
52,1
53,1
54,1
55,1
56,1
57,1
58,1
59,1
60,1
61,1
62,1
63,1
64,1
65,1
66,1
67,1
68,1
69,1
70,1
71,1
72,1
73,1
74,1
75,1
76,1
77,1
78,1
79,1
80,1
81,1
82,1
83,1
84,1
85,1
86,1
87,1
88,1
89,1
90,1
91,1
92,1
93,1
94,1
95,1
96,1
97,1
98,1
99,1
100,1
101,1
102,1
103,1
104,1
105,1
106,1
107,1
